effects_sd_map_zanthoxylum_rhetsa <-
list(SpeciesConservation = list(control_access = list(Effect = 0.14999999999999999, 
    SD = 0.02), provide_access_control_harvest = list(Effect = 0.12, 
    SD = 0.02), allow_access_forest_parts = list(Effect = 0.10000000000000001, 
    SD = 0.02), allow_access_limited_time = list(Effect = 0.080000000000000002, 
    SD = 0.02), provide_seedlings = list(Effect = 0.080000000000000002, 
    SD = 0.02)), DietaryDiversity = list(control_access = list(
    Effect = 0.080000000000000002, SD = 0.040000000000000001), 
    provide_access_control_harvest = list(Effect = 0.10000000000000001, 
        SD = 0.040000000000000001), allow_access_forest_parts = list(
        Effect = 0.10000000000000001, SD = 0.040000000000000001), 
    allow_access_limited_time = list(Effect = 0.10000000000000001, 
        SD = 0.040000000000000001), provide_seedlings = list(
        Effect = 0.10000000000000001, SD = 0.040000000000000001)), 
    SustainableFoodEnv = list(control_access = list(Effect = 0.050000000000000003, 
        SD = 0.025000000000000001), provide_access_control_harvest = list(
        Effect = 0.059999999999999998, SD = 0.025000000000000001), 
        allow_access_forest_parts = list(Effect = 0.070000000000000007, 
            SD = 0.025000000000000001), allow_access_limited_time = list(
            Effect = 0.080000000000000002, SD = 0.025000000000000001), 
        provide_seedlings = list(Effect = 0.10000000000000001, 
            SD = 0.025000000000000001)), ParkExpenditure = list(
        control_access = list(Effect = -0.02, SD = 0.01), provide_access_control_harvest = list(
            Effect = -0.050000000000000003, SD = 0.01), allow_access_forest_parts = list(
            Effect = -0.080000000000000002, SD = 0.01), allow_access_limited_time = list(
            Effect = -0.10000000000000001, SD = 0.01), provide_seedlings = list(
            Effect = -0.12, SD = 0.01)), TraditionalKnowledge = list(
        control_access = list(Effect = 0.10000000000000001, SD = 0.02), 
        provide_access_control_harvest = list(Effect = 0.14999999999999999, 
            SD = 0.02), allow_access_forest_parts = list(Effect = 0.17999999999999999, 
            SD = 0.02), allow_access_limited_time = list(Effect = 0.22, 
            SD = 0.02), provide_seedlings = list(Effect = 0.34999999999999998, 
            SD = 0.02)))
