effects_sd_map_crassocephalum_crepidioides <-
list(SpeciesConservation = list(control_access = list(Effect = 0.80000000000000004, 
    SD = 0.050000000000000003), provide_access_control_harvest = list(
    Effect = 0.59999999999999998, SD = 0.050000000000000003), 
    allow_access_forest_parts = list(Effect = 0.5, SD = 0.050000000000000003), 
    allow_access_limited_time = list(Effect = 0.40000000000000002, 
        SD = 0.050000000000000003), provide_seedlings = list(
        Effect = 0.29999999999999999, SD = 0.050000000000000003)), 
    DietaryDiversity = list(control_access = list(Effect = -0.5, 
        SD = 0.29999999999999999), provide_access_control_harvest = list(
        Effect = 0.20000000000000001, SD = 0.10000000000000001), 
        allow_access_forest_parts = list(Effect = 0.29999999999999999, 
            SD = 0.10000000000000001), allow_access_limited_time = list(
            Effect = 0.40000000000000002, SD = 0.10000000000000001), 
        provide_seedlings = list(Effect = 0.5, SD = 0.40000000000000002)), 
    SustainableFoodEnv = list(control_access = list(Effect = 0.10000000000000001, 
        SD = 0.080000000000000002), provide_access_control_harvest = list(
        Effect = 0.40000000000000002, SD = 0.080000000000000002), 
        allow_access_forest_parts = list(Effect = 0.59999999999999998, 
            SD = 0.080000000000000002), allow_access_limited_time = list(
            Effect = 0.69999999999999996, SD = 0.080000000000000002), 
        provide_seedlings = list(Effect = 0.90000000000000002, 
            SD = 0.080000000000000002)), ParkExpenditure = list(
        control_access = list(Effect = 0.90000000000000002, SD = 0.20000000000000001), 
        provide_access_control_harvest = list(Effect = 0.69999999999999996, 
            SD = 0.20000000000000001), allow_access_forest_parts = list(
            Effect = 0.5, SD = 0.20000000000000001), allow_access_limited_time = list(
            Effect = 0.40000000000000002, SD = 0.20000000000000001), 
        provide_seedlings = list(Effect = 0.29999999999999999, 
            SD = 0.20000000000000001)), TraditionalKnowledge = list(
        control_access = list(Effect = 0.20000000000000001, SD = 0.14999999999999999), 
        provide_access_control_harvest = list(Effect = 0.5, SD = 0.14999999999999999), 
        allow_access_forest_parts = list(Effect = 0.59999999999999998, 
            SD = 0.14999999999999999), allow_access_limited_time = list(
            Effect = 0.69999999999999996, SD = 0.14999999999999999), 
        provide_seedlings = list(Effect = 0.80000000000000004, 
            SD = 0.14999999999999999)))
