effects_sd_map_clerodendrum_quadriloculare <-
list(SpeciesConservation = list(control_access = list(Effect = 0.20000000000000001, 
    SD = 0.02), provide_access_control_harvest = list(Effect = 0.14999999999999999, 
    SD = 0.02), allow_access_forest_parts = list(Effect = 0.10000000000000001, 
    SD = 0.02), allow_access_limited_time = list(Effect = 0.050000000000000003, 
    SD = 0.02), provide_seedlings = list(Effect = 0.050000000000000003, 
    SD = 0.02)), DietaryDiversity = list(control_access = list(
    Effect = 0.10000000000000001, SD = 0.050000000000000003), 
    provide_access_control_harvest = list(Effect = 0.10000000000000001, 
        SD = 0.050000000000000003), allow_access_forest_parts = list(
        Effect = 0.10000000000000001, SD = 0.050000000000000003), 
    allow_access_limited_time = list(Effect = 0.10000000000000001, 
        SD = 0.050000000000000003), provide_seedlings = list(
        Effect = 0.10000000000000001, SD = 0.050000000000000003)), 
    SustainableFoodEnv = list(control_access = list(Effect = 0.050000000000000003, 
        SD = 0.029999999999999999), provide_access_control_harvest = list(
        Effect = 0.050000000000000003, SD = 0.029999999999999999), 
        allow_access_forest_parts = list(Effect = 0.050000000000000003, 
            SD = 0.029999999999999999), allow_access_limited_time = list(
            Effect = 0.050000000000000003, SD = 0.029999999999999999), 
        provide_seedlings = list(Effect = 0.050000000000000003, 
            SD = 0.029999999999999999)), ParkExpenditure = list(
        control_access = list(Effect = -0.050000000000000003, 
            SD = 0.01), provide_access_control_harvest = list(
            Effect = -0.10000000000000001, SD = 0.01), allow_access_forest_parts = list(
            Effect = -0.14999999999999999, SD = 0.01), allow_access_limited_time = list(
            Effect = -0.20000000000000001, SD = 0.01), provide_seedlings = list(
            Effect = -0.25, SD = 0.01)), TraditionalKnowledge = list(
        control_access = list(Effect = 0.050000000000000003, 
            SD = 0.02), provide_access_control_harvest = list(
            Effect = 0.10000000000000001, SD = 0.02), allow_access_forest_parts = list(
            Effect = 0.14999999999999999, SD = 0.02), allow_access_limited_time = list(
            Effect = 0.20000000000000001, SD = 0.02), provide_seedlings = list(
            Effect = 0.29999999999999999, SD = 0.02)))
